{
 "cells": [
  {
   "cell_type": "code",
   "execution_count": 23,
   "id": "72353272-7e7d-48c9-ab28-f26c8791a48a",
   "metadata": {},
   "outputs": [
    {
     "data": {
      "text/html": [
       "<div>\n",
       "<style scoped>\n",
       "    .dataframe tbody tr th:only-of-type {\n",
       "        vertical-align: middle;\n",
       "    }\n",
       "\n",
       "    .dataframe tbody tr th {\n",
       "        vertical-align: top;\n",
       "    }\n",
       "\n",
       "    .dataframe thead th {\n",
       "        text-align: right;\n",
       "    }\n",
       "</style>\n",
       "<table border=\"1\" class=\"dataframe\">\n",
       "  <thead>\n",
       "    <tr style=\"text-align: right;\">\n",
       "      <th></th>\n",
       "      <th>price</th>\n",
       "      <th>area</th>\n",
       "      <th>bedrooms</th>\n",
       "      <th>bathrooms</th>\n",
       "      <th>stories</th>\n",
       "      <th>mainroad</th>\n",
       "      <th>guestroom</th>\n",
       "      <th>basement</th>\n",
       "      <th>hotwaterheating</th>\n",
       "      <th>airconditioning</th>\n",
       "      <th>parking</th>\n",
       "      <th>prefarea</th>\n",
       "      <th>furnishingstatus</th>\n",
       "    </tr>\n",
       "  </thead>\n",
       "  <tbody>\n",
       "    <tr>\n",
       "      <th>0</th>\n",
       "      <td>13300000</td>\n",
       "      <td>7420</td>\n",
       "      <td>4</td>\n",
       "      <td>2</td>\n",
       "      <td>3</td>\n",
       "      <td>yes</td>\n",
       "      <td>no</td>\n",
       "      <td>no</td>\n",
       "      <td>no</td>\n",
       "      <td>yes</td>\n",
       "      <td>2</td>\n",
       "      <td>yes</td>\n",
       "      <td>furnished</td>\n",
       "    </tr>\n",
       "    <tr>\n",
       "      <th>1</th>\n",
       "      <td>12250000</td>\n",
       "      <td>8960</td>\n",
       "      <td>4</td>\n",
       "      <td>4</td>\n",
       "      <td>4</td>\n",
       "      <td>yes</td>\n",
       "      <td>no</td>\n",
       "      <td>no</td>\n",
       "      <td>no</td>\n",
       "      <td>yes</td>\n",
       "      <td>3</td>\n",
       "      <td>no</td>\n",
       "      <td>furnished</td>\n",
       "    </tr>\n",
       "    <tr>\n",
       "      <th>2</th>\n",
       "      <td>12250000</td>\n",
       "      <td>9960</td>\n",
       "      <td>3</td>\n",
       "      <td>2</td>\n",
       "      <td>2</td>\n",
       "      <td>yes</td>\n",
       "      <td>no</td>\n",
       "      <td>yes</td>\n",
       "      <td>no</td>\n",
       "      <td>no</td>\n",
       "      <td>2</td>\n",
       "      <td>yes</td>\n",
       "      <td>semi-furnished</td>\n",
       "    </tr>\n",
       "    <tr>\n",
       "      <th>3</th>\n",
       "      <td>12215000</td>\n",
       "      <td>7500</td>\n",
       "      <td>4</td>\n",
       "      <td>2</td>\n",
       "      <td>2</td>\n",
       "      <td>yes</td>\n",
       "      <td>no</td>\n",
       "      <td>yes</td>\n",
       "      <td>no</td>\n",
       "      <td>yes</td>\n",
       "      <td>3</td>\n",
       "      <td>yes</td>\n",
       "      <td>furnished</td>\n",
       "    </tr>\n",
       "    <tr>\n",
       "      <th>4</th>\n",
       "      <td>11410000</td>\n",
       "      <td>7420</td>\n",
       "      <td>4</td>\n",
       "      <td>1</td>\n",
       "      <td>2</td>\n",
       "      <td>yes</td>\n",
       "      <td>yes</td>\n",
       "      <td>yes</td>\n",
       "      <td>no</td>\n",
       "      <td>yes</td>\n",
       "      <td>2</td>\n",
       "      <td>no</td>\n",
       "      <td>furnished</td>\n",
       "    </tr>\n",
       "  </tbody>\n",
       "</table>\n",
       "</div>"
      ],
      "text/plain": [
       "      price  area  bedrooms  bathrooms  stories mainroad guestroom basement  \\\n",
       "0  13300000  7420         4          2        3      yes        no       no   \n",
       "1  12250000  8960         4          4        4      yes        no       no   \n",
       "2  12250000  9960         3          2        2      yes        no      yes   \n",
       "3  12215000  7500         4          2        2      yes        no      yes   \n",
       "4  11410000  7420         4          1        2      yes       yes      yes   \n",
       "\n",
       "  hotwaterheating airconditioning  parking prefarea furnishingstatus  \n",
       "0              no             yes        2      yes        furnished  \n",
       "1              no             yes        3       no        furnished  \n",
       "2              no              no        2      yes   semi-furnished  \n",
       "3              no             yes        3      yes        furnished  \n",
       "4              no             yes        2       no        furnished  "
      ]
     },
     "execution_count": 23,
     "metadata": {},
     "output_type": "execute_result"
    }
   ],
   "source": [
    "import numpy as np\n",
    "import pandas as pd\n",
    "df=pd.read_csv(r\"D:\\U23AI113\\U23AI113\\ML_lAB\\LAB_1\\Housing.csv\")\n",
    "df.head()"
   ]
  },
  {
   "cell_type": "code",
   "execution_count": 24,
   "id": "332cf9c1-b195-4667-b933-eac89210898e",
   "metadata": {},
   "outputs": [],
   "source": [
    "nonnumerical = ['mainroad', 'guestroom', 'basement', 'hotwaterheating', 'airconditioning', 'prefarea']\n",
    "for feature in nonnumerical:\n",
    "    df[feature] = df[feature].apply(lambda x: 1 if x == 'yes' else 0)\n",
    "\n",
    "df['furnishingstatus'] = df['furnishingstatus'].apply(lambda x: 1 if x == 'furnished'  else (0 if x == 'semi-furnished' else -1))"
   ]
  },
  {
   "cell_type": "code",
   "execution_count": 25,
   "id": "ad62311b-ed99-483d-92cd-e2d502c99c90",
   "metadata": {},
   "outputs": [],
   "source": [
    "area_mean=df['area'].mean()\n",
    "price_mean=df['price'].mean()\n",
    "area_std=df['area'].std()\n",
    "price_std=df['price'].std()\n",
    "df.drop(columns=[\"price\"], inplace=True)\n"
   ]
  },
  {
   "cell_type": "code",
   "execution_count": 26,
   "id": "f8327a2b-76d7-4162-8a94-0b588145c4c2",
   "metadata": {},
   "outputs": [
    {
     "data": {
      "text/plain": [
       "area                5150.541284\n",
       "bedrooms               2.965138\n",
       "bathrooms              1.286239\n",
       "stories                1.805505\n",
       "mainroad               0.858716\n",
       "guestroom              0.177982\n",
       "basement               0.350459\n",
       "hotwaterheating        0.045872\n",
       "airconditioning        0.315596\n",
       "parking                0.693578\n",
       "prefarea               0.234862\n",
       "furnishingstatus      -0.069725\n",
       "dtype: float64"
      ]
     },
     "execution_count": 26,
     "metadata": {},
     "output_type": "execute_result"
    }
   ],
   "source": [
    "m=df.mean()\n",
    "m"
   ]
  },
  {
   "cell_type": "code",
   "execution_count": 27,
   "id": "33f15fa8-a214-4805-9c29-f84165ad304c",
   "metadata": {},
   "outputs": [],
   "source": [
    "df_n=df.values"
   ]
  },
  {
   "cell_type": "code",
   "execution_count": 28,
   "id": "bcb084d5-015f-4724-b599-0642005cadce",
   "metadata": {},
   "outputs": [
    {
     "data": {
      "text/plain": [
       "array([ 5.15054128e+03,  2.96513761e+00,  1.28623853e+00,  1.80550459e+00,\n",
       "        8.58715596e-01,  1.77981651e-01,  3.50458716e-01,  4.58715596e-02,\n",
       "        3.15596330e-01,  6.93577982e-01,  2.34862385e-01, -6.97247706e-02])"
      ]
     },
     "execution_count": 28,
     "metadata": {},
     "output_type": "execute_result"
    }
   ],
   "source": [
    "mean=np.mean(df_n,axis=0)\n",
    "mean"
   ]
  },
  {
   "cell_type": "code",
   "execution_count": 29,
   "id": "a595db77-bac6-447e-9fda-940370102922",
   "metadata": {},
   "outputs": [
    {
     "data": {
      "text/plain": [
       "array([[ 2.26945872e+03,  1.03486239e+00,  7.13761468e-01,\n",
       "         1.19449541e+00,  1.41284404e-01, -1.77981651e-01,\n",
       "        -3.50458716e-01, -4.58715596e-02,  6.84403670e-01,\n",
       "         1.30642202e+00,  7.65137615e-01,  1.06972477e+00],\n",
       "       [ 3.80945872e+03,  1.03486239e+00,  2.71376147e+00,\n",
       "         2.19449541e+00,  1.41284404e-01, -1.77981651e-01,\n",
       "        -3.50458716e-01, -4.58715596e-02,  6.84403670e-01,\n",
       "         2.30642202e+00, -2.34862385e-01,  1.06972477e+00],\n",
       "       [ 4.80945872e+03,  3.48623853e-02,  7.13761468e-01,\n",
       "         1.94495413e-01,  1.41284404e-01, -1.77981651e-01,\n",
       "         6.49541284e-01, -4.58715596e-02, -3.15596330e-01,\n",
       "         1.30642202e+00,  7.65137615e-01,  6.97247706e-02],\n",
       "       [ 2.34945872e+03,  1.03486239e+00,  7.13761468e-01,\n",
       "         1.94495413e-01,  1.41284404e-01, -1.77981651e-01,\n",
       "         6.49541284e-01, -4.58715596e-02,  6.84403670e-01,\n",
       "         2.30642202e+00,  7.65137615e-01,  1.06972477e+00],\n",
       "       [ 2.26945872e+03,  1.03486239e+00, -2.86238532e-01,\n",
       "         1.94495413e-01,  1.41284404e-01,  8.22018349e-01,\n",
       "         6.49541284e-01, -4.58715596e-02,  6.84403670e-01,\n",
       "         1.30642202e+00, -2.34862385e-01,  1.06972477e+00]])"
      ]
     },
     "execution_count": 29,
     "metadata": {},
     "output_type": "execute_result"
    }
   ],
   "source": [
    "df_nn=df_n-mean\n",
    "df_nn[0:5]"
   ]
  },
  {
   "cell_type": "code",
   "execution_count": 30,
   "id": "610a7fb9-5e47-44bc-9804-5d9ea8142e0e",
   "metadata": {},
   "outputs": [
    {
     "data": {
      "text/plain": [
       "(12, 12)"
      ]
     },
     "execution_count": 30,
     "metadata": {},
     "output_type": "execute_result"
    }
   ],
   "source": [
    "C=df_nn.T@df_nn\n",
    "C.shape"
   ]
  },
  {
   "cell_type": "code",
   "execution_count": 31,
   "id": "1131ae83-4789-4e1e-a818-5b041e4a7eaf",
   "metadata": {},
   "outputs": [
    {
     "data": {
      "text/plain": [
       "array([2.27245028e+01, 5.35133457e+01, 5.55094789e+01, 7.92869816e+01,\n",
       "       9.48291907e+01, 1.02629036e+02, 1.43252494e+02, 2.17452327e+02,\n",
       "       2.82769778e+02, 3.73094293e+02, 5.53557278e+02, 2.56197465e+09])"
      ]
     },
     "execution_count": 31,
     "metadata": {},
     "output_type": "execute_result"
    }
   ],
   "source": [
    "eigvals,eigvecs = np.linalg.eigh(C)\n",
    "eigvals"
   ]
  },
  {
   "cell_type": "code",
   "execution_count": 32,
   "id": "5d47bdfc-82c3-48da-bcdc-32b9c5bf82b8",
   "metadata": {},
   "outputs": [
    {
     "data": {
      "text/html": [
       "<div>\n",
       "<style scoped>\n",
       "    .dataframe tbody tr th:only-of-type {\n",
       "        vertical-align: middle;\n",
       "    }\n",
       "\n",
       "    .dataframe tbody tr th {\n",
       "        vertical-align: top;\n",
       "    }\n",
       "\n",
       "    .dataframe thead th {\n",
       "        text-align: right;\n",
       "    }\n",
       "</style>\n",
       "<table border=\"1\" class=\"dataframe\">\n",
       "  <thead>\n",
       "    <tr style=\"text-align: right;\">\n",
       "      <th></th>\n",
       "      <th>area</th>\n",
       "      <th>bedrooms</th>\n",
       "      <th>bathrooms</th>\n",
       "      <th>stories</th>\n",
       "      <th>mainroad</th>\n",
       "      <th>guestroom</th>\n",
       "      <th>basement</th>\n",
       "      <th>hotwaterheating</th>\n",
       "      <th>airconditioning</th>\n",
       "      <th>parking</th>\n",
       "      <th>prefarea</th>\n",
       "      <th>furnishingstatus</th>\n",
       "    </tr>\n",
       "  </thead>\n",
       "  <tbody>\n",
       "    <tr>\n",
       "      <th>area</th>\n",
       "      <td>1.000000</td>\n",
       "      <td>0.151858</td>\n",
       "      <td>0.193820</td>\n",
       "      <td>0.083996</td>\n",
       "      <td>0.288874</td>\n",
       "      <td>0.140297</td>\n",
       "      <td>0.047417</td>\n",
       "      <td>-0.009229</td>\n",
       "      <td>0.222393</td>\n",
       "      <td>0.352980</td>\n",
       "      <td>0.234779</td>\n",
       "      <td>0.171445</td>\n",
       "    </tr>\n",
       "    <tr>\n",
       "      <th>bedrooms</th>\n",
       "      <td>0.151858</td>\n",
       "      <td>1.000000</td>\n",
       "      <td>0.373930</td>\n",
       "      <td>0.408564</td>\n",
       "      <td>-0.012033</td>\n",
       "      <td>0.080549</td>\n",
       "      <td>0.097312</td>\n",
       "      <td>0.046049</td>\n",
       "      <td>0.160603</td>\n",
       "      <td>0.139270</td>\n",
       "      <td>0.079023</td>\n",
       "      <td>0.123244</td>\n",
       "    </tr>\n",
       "    <tr>\n",
       "      <th>bathrooms</th>\n",
       "      <td>0.193820</td>\n",
       "      <td>0.373930</td>\n",
       "      <td>1.000000</td>\n",
       "      <td>0.326165</td>\n",
       "      <td>0.042398</td>\n",
       "      <td>0.126469</td>\n",
       "      <td>0.102106</td>\n",
       "      <td>0.067159</td>\n",
       "      <td>0.186915</td>\n",
       "      <td>0.177496</td>\n",
       "      <td>0.063472</td>\n",
       "      <td>0.143559</td>\n",
       "    </tr>\n",
       "    <tr>\n",
       "      <th>stories</th>\n",
       "      <td>0.083996</td>\n",
       "      <td>0.408564</td>\n",
       "      <td>0.326165</td>\n",
       "      <td>1.000000</td>\n",
       "      <td>0.121706</td>\n",
       "      <td>0.043538</td>\n",
       "      <td>-0.172394</td>\n",
       "      <td>0.018847</td>\n",
       "      <td>0.293602</td>\n",
       "      <td>0.045547</td>\n",
       "      <td>0.044425</td>\n",
       "      <td>0.104672</td>\n",
       "    </tr>\n",
       "    <tr>\n",
       "      <th>mainroad</th>\n",
       "      <td>0.288874</td>\n",
       "      <td>-0.012033</td>\n",
       "      <td>0.042398</td>\n",
       "      <td>0.121706</td>\n",
       "      <td>1.000000</td>\n",
       "      <td>0.092337</td>\n",
       "      <td>0.044002</td>\n",
       "      <td>-0.011781</td>\n",
       "      <td>0.105423</td>\n",
       "      <td>0.204433</td>\n",
       "      <td>0.199876</td>\n",
       "      <td>0.156726</td>\n",
       "    </tr>\n",
       "    <tr>\n",
       "      <th>guestroom</th>\n",
       "      <td>0.140297</td>\n",
       "      <td>0.080549</td>\n",
       "      <td>0.126469</td>\n",
       "      <td>0.043538</td>\n",
       "      <td>0.092337</td>\n",
       "      <td>1.000000</td>\n",
       "      <td>0.372066</td>\n",
       "      <td>-0.010308</td>\n",
       "      <td>0.138179</td>\n",
       "      <td>0.037466</td>\n",
       "      <td>0.160897</td>\n",
       "      <td>0.118328</td>\n",
       "    </tr>\n",
       "    <tr>\n",
       "      <th>basement</th>\n",
       "      <td>0.047417</td>\n",
       "      <td>0.097312</td>\n",
       "      <td>0.102106</td>\n",
       "      <td>-0.172394</td>\n",
       "      <td>0.044002</td>\n",
       "      <td>0.372066</td>\n",
       "      <td>1.000000</td>\n",
       "      <td>0.004385</td>\n",
       "      <td>0.047341</td>\n",
       "      <td>0.051497</td>\n",
       "      <td>0.228083</td>\n",
       "      <td>0.112831</td>\n",
       "    </tr>\n",
       "    <tr>\n",
       "      <th>hotwaterheating</th>\n",
       "      <td>-0.009229</td>\n",
       "      <td>0.046049</td>\n",
       "      <td>0.067159</td>\n",
       "      <td>0.018847</td>\n",
       "      <td>-0.011781</td>\n",
       "      <td>-0.010308</td>\n",
       "      <td>0.004385</td>\n",
       "      <td>1.000000</td>\n",
       "      <td>-0.130023</td>\n",
       "      <td>0.067864</td>\n",
       "      <td>-0.059411</td>\n",
       "      <td>0.031628</td>\n",
       "    </tr>\n",
       "    <tr>\n",
       "      <th>airconditioning</th>\n",
       "      <td>0.222393</td>\n",
       "      <td>0.160603</td>\n",
       "      <td>0.186915</td>\n",
       "      <td>0.293602</td>\n",
       "      <td>0.105423</td>\n",
       "      <td>0.138179</td>\n",
       "      <td>0.047341</td>\n",
       "      <td>-0.130023</td>\n",
       "      <td>1.000000</td>\n",
       "      <td>0.159173</td>\n",
       "      <td>0.117382</td>\n",
       "      <td>0.150477</td>\n",
       "    </tr>\n",
       "    <tr>\n",
       "      <th>parking</th>\n",
       "      <td>0.352980</td>\n",
       "      <td>0.139270</td>\n",
       "      <td>0.177496</td>\n",
       "      <td>0.045547</td>\n",
       "      <td>0.204433</td>\n",
       "      <td>0.037466</td>\n",
       "      <td>0.051497</td>\n",
       "      <td>0.067864</td>\n",
       "      <td>0.159173</td>\n",
       "      <td>1.000000</td>\n",
       "      <td>0.091627</td>\n",
       "      <td>0.177539</td>\n",
       "    </tr>\n",
       "    <tr>\n",
       "      <th>prefarea</th>\n",
       "      <td>0.234779</td>\n",
       "      <td>0.079023</td>\n",
       "      <td>0.063472</td>\n",
       "      <td>0.044425</td>\n",
       "      <td>0.199876</td>\n",
       "      <td>0.160897</td>\n",
       "      <td>0.228083</td>\n",
       "      <td>-0.059411</td>\n",
       "      <td>0.117382</td>\n",
       "      <td>0.091627</td>\n",
       "      <td>1.000000</td>\n",
       "      <td>0.107686</td>\n",
       "    </tr>\n",
       "    <tr>\n",
       "      <th>furnishingstatus</th>\n",
       "      <td>0.171445</td>\n",
       "      <td>0.123244</td>\n",
       "      <td>0.143559</td>\n",
       "      <td>0.104672</td>\n",
       "      <td>0.156726</td>\n",
       "      <td>0.118328</td>\n",
       "      <td>0.112831</td>\n",
       "      <td>0.031628</td>\n",
       "      <td>0.150477</td>\n",
       "      <td>0.177539</td>\n",
       "      <td>0.107686</td>\n",
       "      <td>1.000000</td>\n",
       "    </tr>\n",
       "  </tbody>\n",
       "</table>\n",
       "</div>"
      ],
      "text/plain": [
       "                      area  bedrooms  bathrooms   stories  mainroad  \\\n",
       "area              1.000000  0.151858   0.193820  0.083996  0.288874   \n",
       "bedrooms          0.151858  1.000000   0.373930  0.408564 -0.012033   \n",
       "bathrooms         0.193820  0.373930   1.000000  0.326165  0.042398   \n",
       "stories           0.083996  0.408564   0.326165  1.000000  0.121706   \n",
       "mainroad          0.288874 -0.012033   0.042398  0.121706  1.000000   \n",
       "guestroom         0.140297  0.080549   0.126469  0.043538  0.092337   \n",
       "basement          0.047417  0.097312   0.102106 -0.172394  0.044002   \n",
       "hotwaterheating  -0.009229  0.046049   0.067159  0.018847 -0.011781   \n",
       "airconditioning   0.222393  0.160603   0.186915  0.293602  0.105423   \n",
       "parking           0.352980  0.139270   0.177496  0.045547  0.204433   \n",
       "prefarea          0.234779  0.079023   0.063472  0.044425  0.199876   \n",
       "furnishingstatus  0.171445  0.123244   0.143559  0.104672  0.156726   \n",
       "\n",
       "                  guestroom  basement  hotwaterheating  airconditioning  \\\n",
       "area               0.140297  0.047417        -0.009229         0.222393   \n",
       "bedrooms           0.080549  0.097312         0.046049         0.160603   \n",
       "bathrooms          0.126469  0.102106         0.067159         0.186915   \n",
       "stories            0.043538 -0.172394         0.018847         0.293602   \n",
       "mainroad           0.092337  0.044002        -0.011781         0.105423   \n",
       "guestroom          1.000000  0.372066        -0.010308         0.138179   \n",
       "basement           0.372066  1.000000         0.004385         0.047341   \n",
       "hotwaterheating   -0.010308  0.004385         1.000000        -0.130023   \n",
       "airconditioning    0.138179  0.047341        -0.130023         1.000000   \n",
       "parking            0.037466  0.051497         0.067864         0.159173   \n",
       "prefarea           0.160897  0.228083        -0.059411         0.117382   \n",
       "furnishingstatus   0.118328  0.112831         0.031628         0.150477   \n",
       "\n",
       "                   parking  prefarea  furnishingstatus  \n",
       "area              0.352980  0.234779          0.171445  \n",
       "bedrooms          0.139270  0.079023          0.123244  \n",
       "bathrooms         0.177496  0.063472          0.143559  \n",
       "stories           0.045547  0.044425          0.104672  \n",
       "mainroad          0.204433  0.199876          0.156726  \n",
       "guestroom         0.037466  0.160897          0.118328  \n",
       "basement          0.051497  0.228083          0.112831  \n",
       "hotwaterheating   0.067864 -0.059411          0.031628  \n",
       "airconditioning   0.159173  0.117382          0.150477  \n",
       "parking           1.000000  0.091627          0.177539  \n",
       "prefarea          0.091627  1.000000          0.107686  \n",
       "furnishingstatus  0.177539  0.107686          1.000000  "
      ]
     },
     "execution_count": 32,
     "metadata": {},
     "output_type": "execute_result"
    }
   ],
   "source": [
    "corr_matrix = df.corr()\n",
    "corr_matrix"
   ]
  },
  {
   "cell_type": "code",
   "execution_count": 33,
   "id": "933e959a-bc5f-4916-af60-55a13fe43c84",
   "metadata": {},
   "outputs": [
    {
     "data": {
      "text/html": [
       "<div>\n",
       "<style scoped>\n",
       "    .dataframe tbody tr th:only-of-type {\n",
       "        vertical-align: middle;\n",
       "    }\n",
       "\n",
       "    .dataframe tbody tr th {\n",
       "        vertical-align: top;\n",
       "    }\n",
       "\n",
       "    .dataframe thead th {\n",
       "        text-align: right;\n",
       "    }\n",
       "</style>\n",
       "<table border=\"1\" class=\"dataframe\">\n",
       "  <thead>\n",
       "    <tr style=\"text-align: right;\">\n",
       "      <th></th>\n",
       "      <th>0</th>\n",
       "      <th>1</th>\n",
       "      <th>2</th>\n",
       "      <th>3</th>\n",
       "      <th>4</th>\n",
       "      <th>5</th>\n",
       "      <th>6</th>\n",
       "      <th>7</th>\n",
       "      <th>8</th>\n",
       "      <th>9</th>\n",
       "      <th>10</th>\n",
       "      <th>11</th>\n",
       "    </tr>\n",
       "  </thead>\n",
       "  <tbody>\n",
       "    <tr>\n",
       "      <th>0</th>\n",
       "      <td>1.000000</td>\n",
       "      <td>0.151858</td>\n",
       "      <td>0.193820</td>\n",
       "      <td>0.083996</td>\n",
       "      <td>0.288874</td>\n",
       "      <td>0.140297</td>\n",
       "      <td>0.047417</td>\n",
       "      <td>-0.009229</td>\n",
       "      <td>0.222393</td>\n",
       "      <td>0.352980</td>\n",
       "      <td>0.234779</td>\n",
       "      <td>0.171445</td>\n",
       "    </tr>\n",
       "    <tr>\n",
       "      <th>1</th>\n",
       "      <td>0.151858</td>\n",
       "      <td>1.000000</td>\n",
       "      <td>0.373930</td>\n",
       "      <td>0.408564</td>\n",
       "      <td>-0.012033</td>\n",
       "      <td>0.080549</td>\n",
       "      <td>0.097312</td>\n",
       "      <td>0.046049</td>\n",
       "      <td>0.160603</td>\n",
       "      <td>0.139270</td>\n",
       "      <td>0.079023</td>\n",
       "      <td>0.123244</td>\n",
       "    </tr>\n",
       "    <tr>\n",
       "      <th>2</th>\n",
       "      <td>0.193820</td>\n",
       "      <td>0.373930</td>\n",
       "      <td>1.000000</td>\n",
       "      <td>0.326165</td>\n",
       "      <td>0.042398</td>\n",
       "      <td>0.126469</td>\n",
       "      <td>0.102106</td>\n",
       "      <td>0.067159</td>\n",
       "      <td>0.186915</td>\n",
       "      <td>0.177496</td>\n",
       "      <td>0.063472</td>\n",
       "      <td>0.143559</td>\n",
       "    </tr>\n",
       "    <tr>\n",
       "      <th>3</th>\n",
       "      <td>0.083996</td>\n",
       "      <td>0.408564</td>\n",
       "      <td>0.326165</td>\n",
       "      <td>1.000000</td>\n",
       "      <td>0.121706</td>\n",
       "      <td>0.043538</td>\n",
       "      <td>-0.172394</td>\n",
       "      <td>0.018847</td>\n",
       "      <td>0.293602</td>\n",
       "      <td>0.045547</td>\n",
       "      <td>0.044425</td>\n",
       "      <td>0.104672</td>\n",
       "    </tr>\n",
       "    <tr>\n",
       "      <th>4</th>\n",
       "      <td>0.288874</td>\n",
       "      <td>-0.012033</td>\n",
       "      <td>0.042398</td>\n",
       "      <td>0.121706</td>\n",
       "      <td>1.000000</td>\n",
       "      <td>0.092337</td>\n",
       "      <td>0.044002</td>\n",
       "      <td>-0.011781</td>\n",
       "      <td>0.105423</td>\n",
       "      <td>0.204433</td>\n",
       "      <td>0.199876</td>\n",
       "      <td>0.156726</td>\n",
       "    </tr>\n",
       "    <tr>\n",
       "      <th>5</th>\n",
       "      <td>0.140297</td>\n",
       "      <td>0.080549</td>\n",
       "      <td>0.126469</td>\n",
       "      <td>0.043538</td>\n",
       "      <td>0.092337</td>\n",
       "      <td>1.000000</td>\n",
       "      <td>0.372066</td>\n",
       "      <td>-0.010308</td>\n",
       "      <td>0.138179</td>\n",
       "      <td>0.037466</td>\n",
       "      <td>0.160897</td>\n",
       "      <td>0.118328</td>\n",
       "    </tr>\n",
       "    <tr>\n",
       "      <th>6</th>\n",
       "      <td>0.047417</td>\n",
       "      <td>0.097312</td>\n",
       "      <td>0.102106</td>\n",
       "      <td>-0.172394</td>\n",
       "      <td>0.044002</td>\n",
       "      <td>0.372066</td>\n",
       "      <td>1.000000</td>\n",
       "      <td>0.004385</td>\n",
       "      <td>0.047341</td>\n",
       "      <td>0.051497</td>\n",
       "      <td>0.228083</td>\n",
       "      <td>0.112831</td>\n",
       "    </tr>\n",
       "    <tr>\n",
       "      <th>7</th>\n",
       "      <td>-0.009229</td>\n",
       "      <td>0.046049</td>\n",
       "      <td>0.067159</td>\n",
       "      <td>0.018847</td>\n",
       "      <td>-0.011781</td>\n",
       "      <td>-0.010308</td>\n",
       "      <td>0.004385</td>\n",
       "      <td>1.000000</td>\n",
       "      <td>-0.130023</td>\n",
       "      <td>0.067864</td>\n",
       "      <td>-0.059411</td>\n",
       "      <td>0.031628</td>\n",
       "    </tr>\n",
       "    <tr>\n",
       "      <th>8</th>\n",
       "      <td>0.222393</td>\n",
       "      <td>0.160603</td>\n",
       "      <td>0.186915</td>\n",
       "      <td>0.293602</td>\n",
       "      <td>0.105423</td>\n",
       "      <td>0.138179</td>\n",
       "      <td>0.047341</td>\n",
       "      <td>-0.130023</td>\n",
       "      <td>1.000000</td>\n",
       "      <td>0.159173</td>\n",
       "      <td>0.117382</td>\n",
       "      <td>0.150477</td>\n",
       "    </tr>\n",
       "    <tr>\n",
       "      <th>9</th>\n",
       "      <td>0.352980</td>\n",
       "      <td>0.139270</td>\n",
       "      <td>0.177496</td>\n",
       "      <td>0.045547</td>\n",
       "      <td>0.204433</td>\n",
       "      <td>0.037466</td>\n",
       "      <td>0.051497</td>\n",
       "      <td>0.067864</td>\n",
       "      <td>0.159173</td>\n",
       "      <td>1.000000</td>\n",
       "      <td>0.091627</td>\n",
       "      <td>0.177539</td>\n",
       "    </tr>\n",
       "    <tr>\n",
       "      <th>10</th>\n",
       "      <td>0.234779</td>\n",
       "      <td>0.079023</td>\n",
       "      <td>0.063472</td>\n",
       "      <td>0.044425</td>\n",
       "      <td>0.199876</td>\n",
       "      <td>0.160897</td>\n",
       "      <td>0.228083</td>\n",
       "      <td>-0.059411</td>\n",
       "      <td>0.117382</td>\n",
       "      <td>0.091627</td>\n",
       "      <td>1.000000</td>\n",
       "      <td>0.107686</td>\n",
       "    </tr>\n",
       "    <tr>\n",
       "      <th>11</th>\n",
       "      <td>0.171445</td>\n",
       "      <td>0.123244</td>\n",
       "      <td>0.143559</td>\n",
       "      <td>0.104672</td>\n",
       "      <td>0.156726</td>\n",
       "      <td>0.118328</td>\n",
       "      <td>0.112831</td>\n",
       "      <td>0.031628</td>\n",
       "      <td>0.150477</td>\n",
       "      <td>0.177539</td>\n",
       "      <td>0.107686</td>\n",
       "      <td>1.000000</td>\n",
       "    </tr>\n",
       "  </tbody>\n",
       "</table>\n",
       "</div>"
      ],
      "text/plain": [
       "          0         1         2         3         4         5         6   \\\n",
       "0   1.000000  0.151858  0.193820  0.083996  0.288874  0.140297  0.047417   \n",
       "1   0.151858  1.000000  0.373930  0.408564 -0.012033  0.080549  0.097312   \n",
       "2   0.193820  0.373930  1.000000  0.326165  0.042398  0.126469  0.102106   \n",
       "3   0.083996  0.408564  0.326165  1.000000  0.121706  0.043538 -0.172394   \n",
       "4   0.288874 -0.012033  0.042398  0.121706  1.000000  0.092337  0.044002   \n",
       "5   0.140297  0.080549  0.126469  0.043538  0.092337  1.000000  0.372066   \n",
       "6   0.047417  0.097312  0.102106 -0.172394  0.044002  0.372066  1.000000   \n",
       "7  -0.009229  0.046049  0.067159  0.018847 -0.011781 -0.010308  0.004385   \n",
       "8   0.222393  0.160603  0.186915  0.293602  0.105423  0.138179  0.047341   \n",
       "9   0.352980  0.139270  0.177496  0.045547  0.204433  0.037466  0.051497   \n",
       "10  0.234779  0.079023  0.063472  0.044425  0.199876  0.160897  0.228083   \n",
       "11  0.171445  0.123244  0.143559  0.104672  0.156726  0.118328  0.112831   \n",
       "\n",
       "          7         8         9         10        11  \n",
       "0  -0.009229  0.222393  0.352980  0.234779  0.171445  \n",
       "1   0.046049  0.160603  0.139270  0.079023  0.123244  \n",
       "2   0.067159  0.186915  0.177496  0.063472  0.143559  \n",
       "3   0.018847  0.293602  0.045547  0.044425  0.104672  \n",
       "4  -0.011781  0.105423  0.204433  0.199876  0.156726  \n",
       "5  -0.010308  0.138179  0.037466  0.160897  0.118328  \n",
       "6   0.004385  0.047341  0.051497  0.228083  0.112831  \n",
       "7   1.000000 -0.130023  0.067864 -0.059411  0.031628  \n",
       "8  -0.130023  1.000000  0.159173  0.117382  0.150477  \n",
       "9   0.067864  0.159173  1.000000  0.091627  0.177539  \n",
       "10 -0.059411  0.117382  0.091627  1.000000  0.107686  \n",
       "11  0.031628  0.150477  0.177539  0.107686  1.000000  "
      ]
     },
     "execution_count": 33,
     "metadata": {},
     "output_type": "execute_result"
    }
   ],
   "source": [
    "corr_matrix = pd.DataFrame(df_nn).corr()\n",
    "corr_matrix"
   ]
  },
  {
   "cell_type": "code",
   "execution_count": 34,
   "id": "d9c39ab3-d6b8-43b5-8be8-158cd9fcfc99",
   "metadata": {},
   "outputs": [
    {
     "data": {
      "text/plain": [
       "array([11, 10,  9,  8,  7,  6,  5,  4,  3,  2,  1,  0])"
      ]
     },
     "execution_count": 34,
     "metadata": {},
     "output_type": "execute_result"
    }
   ],
   "source": [
    "order = np.argsort(eigvals)[::-1]#why always increasing order\n",
    "order"
   ]
  },
  {
   "cell_type": "code",
   "execution_count": 35,
   "id": "f9359bf3-be30-4e7b-904a-31a7a001854e",
   "metadata": {},
   "outputs": [
    {
     "data": {
      "text/plain": [
       "array([2.56197465e+09, 5.53557278e+02, 3.73094293e+02, 2.82769778e+02,\n",
       "       2.17452327e+02, 1.43252494e+02, 1.02629036e+02, 9.48291907e+01,\n",
       "       7.92869816e+01, 5.55094789e+01, 5.35133457e+01, 2.27245028e+01])"
      ]
     },
     "execution_count": 35,
     "metadata": {},
     "output_type": "execute_result"
    }
   ],
   "source": [
    "eigvals=eigvals[order]\n",
    "eigvals"
   ]
  },
  {
   "cell_type": "code",
   "execution_count": 36,
   "id": "6c3929d5-f878-4456-942a-c7ac7b61360f",
   "metadata": {},
   "outputs": [
    {
     "data": {
      "text/plain": [
       "array([[ 9.99999982e-01, -1.15112579e-04, -1.35788658e-04,\n",
       "         1.50889848e-05,  5.93019317e-06, -3.90185801e-05,\n",
       "         5.99199526e-06,  1.33492320e-05,  3.81226373e-05,\n",
       "         3.02059580e-05, -1.63356258e-05,  1.54487990e-07],\n",
       "       [ 5.16470047e-05,  5.15222104e-01, -4.99602334e-02,\n",
       "        -6.27299287e-02, -7.33490230e-01, -3.37652817e-01,\n",
       "        -2.31968959e-01, -1.04937007e-01, -1.59525925e-02,\n",
       "        -9.14580717e-02,  5.13433266e-02, -4.60387281e-03],\n",
       "       [ 4.48765486e-05,  2.46537444e-01,  2.23627865e-02,\n",
       "        -1.03410090e-02, -1.75009165e-01,  1.46560066e-01,\n",
       "         8.84821858e-01,  1.04891994e-01, -2.96651972e-01,\n",
       "        -4.01377301e-02,  4.42915459e-02, -3.18900156e-02],\n",
       "       [ 3.35766039e-05,  7.42928802e-01, -3.28547555e-01,\n",
       "        -9.91706134e-02,  4.63888596e-01,  1.52444416e-01,\n",
       "        -1.03149020e-01,  2.08729390e-01,  1.42374796e-01,\n",
       "         1.24607080e-01, -4.08052137e-02, -1.32780984e-02],\n",
       "       [ 4.64078315e-05,  3.12275498e-02,  5.20533928e-02,\n",
       "         2.43825172e-02,  9.98739095e-02,  1.27163538e-01,\n",
       "        -1.37941823e-01,  1.24141862e-01, -1.50172061e-01,\n",
       "        -4.26701799e-01,  8.54658099e-01,  8.35006512e-03],\n",
       "       [ 2.47506359e-05,  3.34822111e-02,  2.44259643e-02,\n",
       "         9.05306284e-02, -1.23294244e-01,  4.10953794e-01,\n",
       "        -7.20379260e-03,  6.33673131e-02,  3.47950809e-01,\n",
       "        -7.37748510e-01, -3.69582152e-01, -1.05816239e-03],\n",
       "       [ 1.04343816e-05, -2.00643309e-02,  1.17604953e-01,\n",
       "         1.35766416e-01, -3.74378658e-01,  6.07632603e-01,\n",
       "        -6.09694352e-02,  1.80910136e-01,  3.57292550e-01,\n",
       "         4.96330668e-01,  2.17620116e-01, -1.22823357e-02],\n",
       "       [-8.90536151e-07,  1.00542425e-02,  1.74599467e-02,\n",
       "        -6.96430453e-03, -9.90991893e-03, -3.59282589e-02,\n",
       "         3.83262292e-02,  9.01329379e-02,  3.62864343e-02,\n",
       "         5.89294976e-03, -2.02388689e-03,  9.93583484e-01],\n",
       "       [ 4.76710084e-05,  1.59727967e-01,  1.56869577e-02,\n",
       "         2.50403892e-02,  9.10457561e-02,  3.25868234e-01,\n",
       "         3.55452136e-03, -9.15728723e-01, -7.71461796e-02,\n",
       "         2.85217525e-02,  6.66952132e-02,  9.66924696e-02],\n",
       "       [ 1.40139738e-04,  1.96729281e-01,  8.36794596e-01,\n",
       "        -4.86030344e-01,  1.23813980e-01,  4.75190086e-03,\n",
       "        -4.79103319e-02,  3.97070027e-02,  3.57627467e-02,\n",
       "         1.04152339e-02, -6.12653728e-02, -2.19420533e-02],\n",
       "       [ 4.59035474e-05,  2.69394197e-02,  2.88825626e-02,\n",
       "         6.80210211e-02, -8.16597485e-02,  3.79650949e-01,\n",
       "        -3.55048689e-01,  1.83833321e-01, -7.82040711e-01,\n",
       "         1.83867165e-02, -2.64235809e-01,  3.75430007e-02],\n",
       "       [ 6.01499325e-05,  2.32983272e-01,  4.12689870e-01,\n",
       "         8.46978459e-01,  1.43002959e-01, -1.88048093e-01,\n",
       "        -2.70946025e-03,  1.44382891e-02,  7.63362516e-03,\n",
       "         2.26112981e-02, -3.63421516e-02, -1.07387142e-02]])"
      ]
     },
     "execution_count": 36,
     "metadata": {},
     "output_type": "execute_result"
    }
   ],
   "source": [
    "eigvecs=eigvecs[:,order]\n",
    "eigvecs"
   ]
  },
  {
   "cell_type": "code",
   "execution_count": 37,
   "id": "fb58f81a-bb4b-4426-8645-19549fa74453",
   "metadata": {},
   "outputs": [],
   "source": [
    "def recon_error_n(n):\n",
    "    E=eigvecs[:,:n]\n",
    "    Wproj=df_nn @ E\n",
    "    L=Wproj@E.T\n",
    "    R=L+mean\n",
    "    sse=np.sum((df_nn-R)**2)\n",
    "    mse_per_entry = sse/df_nn.shape[0] * df_nn.shape[1]\n",
    "    explained = np.sum(eigvals[:n])/np.sum(eigvals)\n",
    "    return sse, mse_per_entry,explained\n"
   ]
  },
  {
   "cell_type": "code",
   "execution_count": 38,
   "id": "cef5b96f-9f9d-48ed-b5a3-97776cb84251",
   "metadata": {},
   "outputs": [],
   "source": [
    "import pandas as pd\n",
    "rows = []\n",
    "for n in range(1, df_nn.shape[1] + 1):\n",
    "    sse, mse, exp = recon_error_n(n)\n",
    "    rows.append({\"n_components\": n,\n",
    "                 \"SSE\": sse,\n",
    "                 \"MSE_per_entry\": mse,\n",
    "                 \"Explained_Variance(%)\": 100 * exp})\n",
    "\n",
    "df = pd.DataFrame(rows)"
   ]
  },
  {
   "cell_type": "code",
   "execution_count": 39,
   "id": "edae49dd-a3d6-4a8a-ab28-8bdea1b93c62",
   "metadata": {},
   "outputs": [
    {
     "data": {
      "text/html": [
       "<div>\n",
       "<style scoped>\n",
       "    .dataframe tbody tr th:only-of-type {\n",
       "        vertical-align: middle;\n",
       "    }\n",
       "\n",
       "    .dataframe tbody tr th {\n",
       "        vertical-align: top;\n",
       "    }\n",
       "\n",
       "    .dataframe thead th {\n",
       "        text-align: right;\n",
       "    }\n",
       "</style>\n",
       "<table border=\"1\" class=\"dataframe\">\n",
       "  <thead>\n",
       "    <tr style=\"text-align: right;\">\n",
       "      <th></th>\n",
       "      <th>n_components</th>\n",
       "      <th>SSE</th>\n",
       "      <th>MSE_per_entry</th>\n",
       "      <th>Explained_Variance(%)</th>\n",
       "    </tr>\n",
       "  </thead>\n",
       "  <tbody>\n",
       "    <tr>\n",
       "      <th>0</th>\n",
       "      <td>1</td>\n",
       "      <td>1.445781e+10</td>\n",
       "      <td>3.183371e+08</td>\n",
       "      <td>99.999923</td>\n",
       "    </tr>\n",
       "    <tr>\n",
       "      <th>1</th>\n",
       "      <td>2</td>\n",
       "      <td>1.445781e+10</td>\n",
       "      <td>3.183371e+08</td>\n",
       "      <td>99.999944</td>\n",
       "    </tr>\n",
       "    <tr>\n",
       "      <th>2</th>\n",
       "      <td>3</td>\n",
       "      <td>1.445781e+10</td>\n",
       "      <td>3.183371e+08</td>\n",
       "      <td>99.999959</td>\n",
       "    </tr>\n",
       "    <tr>\n",
       "      <th>3</th>\n",
       "      <td>4</td>\n",
       "      <td>1.445781e+10</td>\n",
       "      <td>3.183371e+08</td>\n",
       "      <td>99.999970</td>\n",
       "    </tr>\n",
       "    <tr>\n",
       "      <th>4</th>\n",
       "      <td>5</td>\n",
       "      <td>1.445781e+10</td>\n",
       "      <td>3.183371e+08</td>\n",
       "      <td>99.999978</td>\n",
       "    </tr>\n",
       "    <tr>\n",
       "      <th>5</th>\n",
       "      <td>6</td>\n",
       "      <td>1.445781e+10</td>\n",
       "      <td>3.183371e+08</td>\n",
       "      <td>99.999984</td>\n",
       "    </tr>\n",
       "    <tr>\n",
       "      <th>6</th>\n",
       "      <td>7</td>\n",
       "      <td>1.445781e+10</td>\n",
       "      <td>3.183371e+08</td>\n",
       "      <td>99.999988</td>\n",
       "    </tr>\n",
       "    <tr>\n",
       "      <th>7</th>\n",
       "      <td>8</td>\n",
       "      <td>1.445781e+10</td>\n",
       "      <td>3.183371e+08</td>\n",
       "      <td>99.999992</td>\n",
       "    </tr>\n",
       "    <tr>\n",
       "      <th>8</th>\n",
       "      <td>9</td>\n",
       "      <td>1.445781e+10</td>\n",
       "      <td>3.183371e+08</td>\n",
       "      <td>99.999995</td>\n",
       "    </tr>\n",
       "    <tr>\n",
       "      <th>9</th>\n",
       "      <td>10</td>\n",
       "      <td>1.445781e+10</td>\n",
       "      <td>3.183371e+08</td>\n",
       "      <td>99.999997</td>\n",
       "    </tr>\n",
       "    <tr>\n",
